
Begin Lucky runs 
run     n      time
1	250	  0.0004
2	250	  0.0004
3	250	  0.0005
4	250	  0.0005
5	250	  0.0005
6	250	  0.0005
7	250	  0.0007
8	250	  0.0006
9	250	  0.0008
10	250	  0.0004
avg for n = 250 for lucky is 0.000558

run     n      time
1	500	  0.0045
2	500	  0.0027
3	500	  0.0023
4	500	  0.0016
5	500	  0.0030
6	500	  0.0023
7	500	  0.0021
8	500	  0.0022
9	500	  0.0030
10	500	  0.0021
avg for n = 500 for lucky is 0.003136

run     n      time
1	1000	  0.0120
2	1000	  0.0149
3	1000	  0.0103
4	1000	  0.0075
5	1000	  0.0079
6	1000	  0.0092
7	1000	  0.0080
8	1000	  0.0107
9	1000	  0.0095
10	1000	  0.0081
avg for n = 1000 for lucky is 0.012959

run     n      time
1	2000	  0.0443
2	2000	  0.0507
3	2000	  0.0535
4	2000	  0.0396
5	2000	  0.0470
6	2000	  0.0410
7	2000	  0.0345
8	2000	  0.0360
9	2000	  0.0368
10	2000	  0.0402
avg for n = 2000 for lucky is 0.055343


Begin used runs 
run     n      time
1	2500	  0.0017
2	2500	  0.0015
3	2500	  0.0010
4	2500	  0.0009
5	2500	  0.0011
6	2500	  0.0013
7	2500	  0.0016
8	2500	  0.0009
9	2500	  0.0010
10	2500	  0.0012
avg for n = 2500 for used is 0.056570

run     n      time
1	5000	  0.0027
2	5000	  0.0023
3	5000	  0.0018
4	5000	  0.0017
5	5000	  0.0017
6	5000	  0.0019
7	5000	  0.0024
8	5000	  0.0031
9	5000	  0.0030
10	5000	  0.0021
avg for n = 5000 for used is 0.058836

run     n      time
1	10000	  0.0066
2	10000	  0.0057
3	10000	  0.0075
4	10000	  0.0059
5	10000	  0.0059
6	10000	  0.0046
7	10000	  0.0049
8	10000	  0.0034
9	10000	  0.0052
10	10000	  0.0080
avg for n = 10000 for used is 0.064613

run     n      time
1	20000	  0.0169
2	20000	  0.0151
3	20000	  0.0110
4	20000	  0.0086
5	20000	  0.0089
6	20000	  0.0111
7	20000	  0.0120
8	20000	  0.0104
9	20000	  0.0133
10	20000	  0.0104
avg for n = 20000 for used is 0.076365

run     n      time
1	40000	  0.0215
2	40000	  0.0225
3	40000	  0.0174
4	40000	  0.0231
5	40000	  0.0186
6	40000	  0.0228
7	40000	  0.0207
8	40000	  0.0208
9	40000	  0.0188
10	40000	  0.0264
avg for n = 40000 for used is 0.097620

run     n      time
1	80000	  0.0490
2	80000	  0.0446
3	80000	  0.0415
4	80000	  0.0469
5	80000	  0.0599
6	80000	  0.0529
7	80000	  0.0343
8	80000	  0.0513
9	80000	  0.0433
10	80000	  0.0522
avg for n = 80000 for used is 0.145207


Begin knuth runs 
run     n      time
1	10000	  0.0005
2	10000	  0.0004
3	10000	  0.0007
4	10000	  0.0006
5	10000	  0.0006
6	10000	  0.0005
7	10000	  0.0006
8	10000	  0.0005
9	10000	  0.0005
10	10000	  0.0005
avg for n = 10000 for used is 0.145739

run     n      time
1	20000	  0.0010
2	20000	  0.0011
3	20000	  0.0013
4	20000	  0.0010
5	20000	  0.0010
6	20000	  0.0010
7	20000	  0.0010
8	20000	  0.0012
9	20000	  0.0014
10	20000	  0.0011
avg for n = 20000 for used is 0.146860

run     n      time
1	40000	  0.0022
2	40000	  0.0023
3	40000	  0.0024
4	40000	  0.0020
5	40000	  0.0021
6	40000	  0.0021
7	40000	  0.0025
8	40000	  0.0021
9	40000	  0.0021
10	40000	  0.0031
avg for n = 40000 for used is 0.149147

run     n      time
1	80000	  0.0043
2	80000	  0.0043
3	80000	  0.0050
4	80000	  0.0053
5	80000	  0.0043
6	80000	  0.0048
7	80000	  0.0042
8	80000	  0.0045
9	80000	  0.0046
10	80000	  0.0048
avg for n = 80000 for used is 0.153756

run     n      time
1	160000	  0.0091
2	160000	  0.0089
3	160000	  0.0084
4	160000	  0.0095
5	160000	  0.0086
6	160000	  0.0103
7	160000	  0.0091
8	160000	  0.0091
9	160000	  0.0098
10	160000	  0.0083
avg for n = 160000 for used is 0.162877

run     n      time
1	320000	  0.0188
2	320000	  0.0174
3	320000	  0.0273
4	320000	  0.0295
5	320000	  0.0192
6	320000	  0.0190
7	320000	  0.0203
8	320000	  0.0282
9	320000	  0.0180
10	320000	  0.0177
avg for n = 320000 for used is 0.184415

run     n      time
1	640000	  0.0390
2	640000	  0.0411
3	640000	  0.0430
4	640000	  0.0404
5	640000	  0.0414
6	640000	  0.0445
7	640000	  0.0528
8	640000	  0.0469
9	640000	  0.0539
10	640000	  0.0397
avg for n = 640000 for used is 0.228688

