10 2
1010 3
2010 6
3010 8
4010 11
5010 13
6010 15
7010 32
8010 20
9010 21
10010 38
11010 39
12010 28
13010 74
14010 33
15010 35
16010 53
17010 87
18010 48
19010 50
20010 53
21010 105
22010 78
23010 58
24010 84
25010 58
26010 60
27010 76
28010 80
29010 93
30010 88
31010 100
32010 88
33010 114
34010 90
35010 80
36010 83
37010 123
38010 86
39010 98
40010 90
41010 92
42010 96
43010 109
44010 109
45010 108
46010 130
47010 123
48010 199
49010 381
50010 228
51010 209
52010 191
53010 170
54010 118
55010 179
56010 267
57010 143
58010 168
59010 150
60010 189
61010 147
62010 155
63010 220
64010 205
65010 196
66010 174
67010 194
68010 159
69010 199
70010 199
71010 252
72010 319
73010 707
74010 238
75010 1166
76010 387
77010 172
78010 183
79010 250
80010 185
81010 429
82010 330
83010 1852
84010 200
85010 232
86010 279
87010 217
88010 203
89010 291
90010 311
91010 321
92010 391
93010 323
94010 351
95010 687
96010 392
97010 367
98010 382
99010 342
100010 396
101010 382
102010 288
103010 596
104010 323
105010 289
106010 375
107010 299
108010 346
109010 332
110010 345
111010 343
112010 439
113010 397
114010 418
115010 308
116010 262
117010 350
118010 360
119010 329
120010 274
121010 345
122010 291
123010 380
124010 1561
125010 1031
126010 538
127010 2084
128010 361
129010 354
130010 362
131010 519
132010 372
133010 751
134010 407
135010 728
136010 507
137010 447
138010 496
139010 418
140010 462
141010 488
142010 477
143010 508
144010 2307
145010 627
146010 435
147010 387
148010 447
149010 605
150010 457
151010 2029
152010 1742
153010 482
154010 584
155010 477
156010 393
157010 404
158010 454
159010 494
160010 494
161010 811
162010 445
163010 473
164010 548
165010 649
166010 570
167010 476
168010 592
169010 495
170010 418
171010 2773
172010 1029
173010 965
174010 712
175010 909
176010 1334
177010 426
178010 732
179010 668
180010 886
181010 608
182010 680
183010 682
184010 544
185010 532
186010 544
187010 683
188010 538
189010 495
190010 449
191010 468
192010 441
193010 457
194010 2209
195010 529
196010 652
197010 1209
198010 540
199010 515
200010 694
201010 568
202010 566
203010 682
204010 612
205010 489
206010 730
207010 554
208010 2520
209010 2057
210010 523
211010 638
212010 732
213010 811
214010 817
215010 919
216010 2631
217010 869
218010 892
219010 587
220010 577
221010 564
222010 2109
223010 598
224010 549
225010 1032
226010 1862
227010 1929
228010 667
229010 952
230010 913
231010 1370
232010 1172
233010 604
234010 720
235010 657
236010 2887
237010 601
238010 569
239010 662
240010 608
241010 654
242010 599
243010 873
244010 1201
245010 631
246010 765
247010 696
248010 597
249010 3581
250010 784
251010 647
252010 736
253010 668
254010 643
255010 2248
256010 689
257010 591
258010 795
259010 719
260010 818
261010 734
262010 1752
263010 710
264010 819
265010 2023
266010 714
267010 672
268010 954
269010 657
270010 1060
271010 1049
272010 801
273010 731
274010 2677
275010 688
276010 883
277010 642
278010 851
279010 704
280010 675
281010 1832
282010 2684
283010 920
284010 2952
285010 923
286010 843
287010 835
288010 770
289010 925
290010 704
291010 1049
292010 692
293010 2664
294010 802
295010 1329
296010 819
297010 890
298010 1542
299010 1000
300010 728
301010 1115
302010 924
303010 948
304010 958
305010 2619
306010 2364
307010 773
308010 1115
309010 1250
310010 829
311010 1248
312010 865
313010 985
314010 862
315010 940
316010 1787
317010 977
318010 1001
319010 947
320010 1006
321010 796
322010 3154
323010 1029
324010 1737
325010 825
326010 826
327010 1133
328010 995
329010 1356
330010 1233
331010 1037
332010 1036
333010 1170
334010 2376
335010 885
336010 907
337010 907
338010 1760
339010 1417
340010 1065
341010 1057
342010 2990
343010 1102
344010 1267
345010 2045
346010 943
347010 1277
348010 1107
349010 3354
350010 850
351010 1181
352010 957
353010 1362
354010 1366
355010 1095
356010 1120
357010 908
358010 2786
359010 1241
360010 1108
361010 1076
362010 1328
363010 1704
364010 1339
365010 1032
366010 1025
367010 3823
368010 884
369010 1218
370010 947
371010 1137
372010 2397
373010 1514
374010 1188
375010 1098
376010 1627
377010 1174
378010 1024
379010 2962
380010 992
381010 1400
382010 1216
383010 1655
384010 4453
385010 2514
386010 1212
387010 1293
388010 2291
389010 1506
390010 1406
391010 3749
392010 935
393010 1164
394010 1387
395010 2024
396010 1178
397010 1474
398010 1349
399010 1284
400010 2752
401010 3639
402010 982
403010 1234
404010 1330
405010 1256
406010 1171
407010 1350
408010 2993
409010 1232
410010 1114
411010 1842
412010 1192
413010 1282
414010 1993
415010 1574
416010 2228
417010 1276
418010 1041
419010 1083
420010 1357
421010 1380
422010 1226
423010 3187
424010 1161
425010 1733
426010 1421
427010 1461
428010 2260
429010 1322
430010 1480
431010 2023
432010 1171
433010 1283
434010 1239
435010 1245
436010 1245
437010 1822
438010 1321
439010 1423
440010 1388
441010 2759
442010 1299
443010 1152
444010 1164
445010 1739
446010 1272
447010 1531
448010 3432
449010 1413
450010 1148
451010 1349
452010 1673
453010 1599
454010 1422
455010 4474
456010 1989
457010 1323
458010 1638
459010 4229
460010 1844
461010 2734
462010 1092
463010 1417
464010 1464
465010 1642
466010 1638
467010 1413
468010 1596
469010 2718
470010 1666
471010 1892
472010 1257
473010 1824
474010 1785
475010 1428
476010 3342
477010 1840
478010 1570
479010 1822
480010 1611
481010 1625
482010 1375
483010 2674
484010 1851
485010 1454
486010 1482
487010 1454
488010 1700
489010 2851
490010 1702
491010 1204
492010 1273
493010 1273
494010 1751
495010 1618
496010 1390
497010 1404
498010 1735
499010 1594
500010 1460
501010 1729
502010 1215
503010 1384
504010 1774
505010 1850
506010 4765
507010 1562
508010 1458
509010 1711
510010 2991
511010 2068
512010 1352
513010 2302
514010 2737
515010 2040
516010 3739
517010 1452
518010 3425
519010 1360
520010 1736
521010 1540
522010 1659
523010 1296
524010 1330
525010 1251
526010 2716
527010 1382
528010 1356
529010 1869
530010 1593
531010 2819
532010 1885
533010 2099
534010 1298
535010 2126
536010 1833
537010 1758
538010 2881
539010 2425
540010 4288
541010 1300
542010 3274
543010 1638
544010 2193
545010 1479
546010 1467
547010 1922
548010 1767
549010 1771
550010 1952
551010 2506
552010 2197
553010 2085
554010 2237
555010 1968
556010 5182
557010 1590
558010 1616
559010 3453
560010 1528
561010 1805
562010 2076
563010 1843
564010 1699
565010 1932
566010 1795
567010 4043
568010 1614
569010 1590
570010 1923
571010 1499
572010 1818
573010 4796
574010 1576
575010 1700
576010 1899
577010 1777
578010 3281
579010 1862
580010 1535
581010 3158
582010 1723
583010 1459
584010 1597
585010 1729
586010 2242
587010 1751
588010 2139
589010 1696
590010 1798
591010 1489
592010 2183
593010 1918
594010 1996
595010 1952
596010 1525
597010 2290
598010 2117
599010 1892
600010 3925
601010 1739
602010 1714
603010 1759
604010 1610
605010 1567
606010 1649
607010 2387
608010 1950
609010 1737
610010 1466
611010 1676
612010 1557
613010 2729
614010 4525
615010 2036
616010 3064
617010 1598
618010 1733
619010 1581
620010 1715
621010 2282
622010 1730
623010 2414
624010 2144
625010 1581
626010 1856
627010 1903
628010 3199
629010 2390
630010 1929
631010 1967
632010 1781
633010 1628
634010 1600
635010 2093
636010 1745
637010 1989
638010 2414
639010 5620
640010 1742
641010 1989
642010 1757
643010 1740
644010 3788
645010 2839
646010 1592
647010 1687
648010 2101
649010 3524
650010 3932
651010 3322
652010 2712
653010 2179
654010 2708
655010 1979
656010 1903
657010 3992
658010 1730
659010 2772
660010 1745
661010 1858
662010 2107
663010 2640
664010 1994
665010 2208
666010 2380
667010 2029
668010 2100
669010 2086
670010 4553
671010 1867
672010 1633
673010 2799
674010 4135
675010 4083
676010 2151
677010 2078
678010 2245
679010 1769
680010 1710
681010 4753
682010 3326
683010 2485
684010 1901
685010 1704
686010 2238
687010 2472
688010 2347
689010 1977
690010 1857
691010 1884
692010 4849
693010 2301
694010 5042
695010 2197
696010 2813
697010 2968
698010 2030
699010 3602
700010 1926
701010 2645
702010 2196
703010 2063
704010 2312
705010 2332
706010 2125
707010 2450
708010 2049
709010 1754
710010 4708
711010 2507
712010 2140
713010 3800
714010 1723
715010 1903
716010 3463
717010 2149
718010 4276
719010 3839
720010 6054
721010 4971
722010 1831
723010 4374
724010 2612
725010 2332
726010 1955
727010 2166
728010 2094
729010 2066
730010 1866
731010 2246
732010 6032
733010 6383
734010 7240
735010 2562
736010 4953
737010 4775
738010 2866
739010 1851
740010 1865
741010 2369
742010 2548
743010 4574
744010 4975
745010 2219
746010 2653
747010 2334
748010 7459
749010 3651
750010 2193
751010 2725
752010 3591
753010 2188
754010 2151
755010 2358
756010 4041
757010 2172
758010 3626
759010 2230
760010 4049
761010 4619
762010 2415
763010 2730
764010 3757
765010 2299
766010 3591
767010 2241
768010 5599
769010 4166
770010 5132
771010 2134
772010 5599
773010 2308
774010 4404
775010 2510
776010 2275
777010 2359
778010 5468
779010 1964
780010 4751
781010 2048
782010 2269
783010 1929
784010 2096
785010 1946
786010 2220
787010 2953
788010 2230
789010 3172
790010 1995
791010 2186
792010 2874
793010 6806
794010 2450
795010 2324
796010 1965
797010 1980
798010 2296
799010 4006
800010 5055
801010 2657
802010 2258
803010 4294
804010 2483
805010 2136
806010 3778
807010 2671
808010 2526
809010 4816
810010 2314
811010 2003
812010 2320
813010 2339
814010 2216
815010 2397
816010 2170
817010 2528
818010 5439
819010 2277
820010 4299
821010 2612
822010 5657
823010 2868
824010 2869
825010 2624
826010 2225
827010 2400
828010 2212
829010 2577
830010 5162
831010 2167
832010 2879
833010 2086
834010 2297
835010 2439
836010 2673
837010 2993
838010 3314
839010 2510
840010 2713
841010 8160
842010 4550
843010 2236
844010 2241
845010 2936
846010 2279
847010 2648
848010 3320
849010 2985
850010 4025
851010 2285
852010 3697
853010 2340
854010 4799
855010 3236
856010 2960
857010 6623
858010 3869
859010 3636
860010 5565
861010 2294
862010 2545
863010 2733
864010 2270
865010 2135
866010 5897
867010 2583
868010 2397
869010 2445
870010 2074
871010 2331
872010 2375
873010 2939
874010 2710
875010 2439
876010 5670
877010 4645
878010 2517
879010 3188
880010 2095
881010 7006
882010 2796
883010 2873
884010 4731
885010 8053
886010 2910
887010 2359
888010 6078
889010 3070
890010 4237
891010 2217
892010 6790
893010 2851
894010 4574
895010 6532
896010 2633
897010 2773
898010 2621
899010 3845
900010 2751
901010 3910
902010 3013
903010 2869
904010 2428
905010 2492
906010 2708
907010 3671
908010 2271
909010 2878
910010 3319
911010 3272
912010 4397
913010 2945
914010 6879
915010 2925
916010 6244
917010 3339
918010 2673
919010 2638
920010 3524
921010 3425
922010 2965
923010 2558
924010 2642
925010 3789
926010 3742
927010 2850
928010 5595
929010 3138
930010 5022
931010 3051
932010 4227
933010 3211
934010 3109
935010 2456
936010 8069
937010 2263
938010 5062
939010 6790
940010 2781
941010 2825
942010 3252
943010 3034
944010 3560
945010 3558
946010 4721
947010 2506
948010 2354
949010 2928
950010 8036
951010 2866
952010 3150
953010 4020
954010 2724
955010 3087
956010 3594
957010 4704
958010 2770
959010 5504
960010 3632
961010 3286
962010 2622
963010 3048
964010 8442
965010 2865
966010 2870
967010 3038
968010 2763
969010 2679
970010 3224
971010 2628
972010 2788
973010 4887
974010 2531
975010 2464
976010 2977
977010 2808
978010 3048
979010 3664
980010 4974
981010 2970
982010 5537
983010 2997
984010 3143
985010 3108
986010 5090
987010 5564
988010 3267
989010 5492
990010 3141
991010 4028
992010 3530
993010 2669
994010 2621
995010 2758
996010 4319
997010 3900
998010 3074
999010 7641
